1 66650U 25274A   25332.66510066  .00001561  00000-0  16110-3 0  9993
2 66650  97.7378 260.1137 0010732 305.2408  54.7805 14.91583094   307
1 66650U 25274A   25332.79926912  .00001740  00000-0  17887-3 0  9999
2 66650  97.7379 260.2453 0010730 304.7547  55.2660 14.91583612   329
1 66650U 25274A   25333.20177411  .00001671  00000-0  17204-3 0  9994
2 66650  97.7378 260.6402 0010697 303.2303  56.7890 14.91585531   381
1 66650U 25274A   25333.26885842  .00001644  00000-0  16926-3 0  9994
2 66650  97.7378 260.7061 0010694 302.9930  57.0261 14.91585436   393
1 66650U 25274A   25333.47010962  .00002131  00000-0  21776-3 0  9991
2 66650  97.7378 260.9033 0010665 302.0332  57.9850 14.91584310   426
1 66650U 25274A   25333.80553119  .00001690  00000-0  17386-3 0  9995
2 66650  97.7378 261.2329 0010676 300.9943  59.0226 14.91587495   477
1 66650U 25274A   25334.14095083  .00001974  00000-0  20219-3 0  9998
2 66650  97.7379 261.5620 0010659 299.7269  60.2889 14.91590260   521
1 66650U 25274A   25334.47637146  .00002136  00000-0  21830-3 0  9997
2 66650  97.7373 261.8912 0010594 298.2270  61.7879 14.91591031   573
1 66650U 25274A   25334.54345538  .00002137  00000-0  21834-3 0  9991
2 66650  97.7373 261.9570 0010586 297.9658  62.0489 14.91591279   587
1 66650U 25274A   25334.74470705  .00002144  00000-0  21907-3 0  9997
2 66650  97.7374 262.1545 0010575 297.2309  62.7832 14.91592193   616
1 66650U 25274A   25334.74470705  .00002144  00000-0  21907-3 0  9997
2 66650  97.7374 262.1545 0010575 297.2309  62.7832 14.91592193   616
1 66650U 25274A   25335.14721006  .00002330  00000-0  23760-3 0  9991
2 66650  97.7375 262.5495 0010540 295.7358  64.2772 14.91594466   675
1 66650U 25274A   25335.34846106  .00002563  00000-0  26072-3 0  9999
2 66650  97.7376 262.7469 0010529 294.9999  65.0125 14.91596231   705
1 66650U 25274A   25335.61679608  .00002341  00000-0  23864-3 0  9990
2 66650  97.7376 263.0102 0010515 294.0074  66.0044 14.91596637   748
1 66650U 25274A   25335.75096340  .00002363  00000-0  24081-3 0  9997
2 66650  97.7377 263.1417 0010500 293.6126  66.3990 14.91597383   760
1 66650U 25274A   25336.01929771  .00002600  00000-0  26444-3 0  9999
2 66650  97.7378 263.4050 0010478 292.6464  67.3646 14.91599451   807
1 66650U 25274A   25336.01929771  .00002600  00000-0  26444-3 0  9999
2 66650  97.7378 263.4050 0010478 292.6464  67.3646 14.91599451   807
1 66650U 25274A   25336.75721544  .00002872  00000-0  29145-3 0  9990
2 66650  97.7380 264.1291 0010447 289.9318  70.0775 14.91604315   910
1 66650U 25274A   25336.75721549  .00002908  00000-0  29500-3 0  9990
2 66650  97.7380 264.1291 0010438 289.9350  70.0744 14.91604403   910
1 66650U 25274A   25337.29388186  .00002972  00000-0  30134-3 0  9992
2 66650  97.7383 264.6558 0010426 287.9401  72.0681 14.91607548   999
1 66650U 25274A   25337.36096507  .00002969  00000-0  30108-3 0  9990
2 66650  97.7383 264.7216 0010423 287.7006  72.3075 14.91607903  1005
1 66650U 25274A   25337.76346358  .00002992  00000-0  30338-3 0  9997
2 66650  97.7384 265.1166 0010422 286.1999  73.8073 14.91610466  1066
1 66650U 25274A   25338.03179521  .00003600  00000-0  36384-3 0  9998
2 66650  97.7385 265.3799 0010407 285.2129  74.7939 14.91614176  1107
1 66650U 25274A   25338.30012627  .00003750  00000-0  37873-3 0  9991
2 66650  97.7386 265.6433 0010410 284.1818  75.8244 14.91616733  1149
1 66650U 25274A   25338.36720905  .00003743  00000-0  37800-3 0  9994
2 66650  97.7386 265.7091 0010409 283.9382  76.0679 14.91617165  1157
1 66650U 25274A   25338.36720906  .00003743  00000-0  37800-3 0  9995
2 66650  97.7386 265.7091 0010409 283.9382  76.0679 14.91617165  1157
1 66650U 25274A   25338.76970528  .00003582  00000-0  36197-3 0  9995
2 66650  97.7387 266.1042 0010421 282.3778  77.6274 14.91619600  1216
1 66650U 25274A   25338.76970528  .00003582  00000-0  36197-3 0  9995
2 66650  97.7387 266.1042 0010421 282.3778  77.6274 14.91619600  1216
1 66650U 25274A   25339.03803635  .00003442  00000-0  34799-3 0  9991
2 66650  97.7388 266.3676 0010419 281.4048  78.6000 14.91620746  1254
1 66650U 25274A   25339.30636660  .00003181  00000-0  32210-3 0  9999
2 66650  97.7388 266.6309 0010422 280.3247  79.6797 14.91621889  1290
1 66650U 25274A   25339.77594391  .00003044  00000-0  30841-3 0  9990
2 66650  97.7388 267.0917 0010429 278.4883  81.5154 14.91624653  1360
1 66650U 25274A   25340.24552060  .00003003  00000-0  30426-3 0  9995
2 66650  97.7390 267.5526 0010428 276.7106  83.2926 14.91627557  1432
1 66650U 25274A   25340.78217861  .00002783  00000-0  28244-3 0  9990
2 66650  97.7385 268.0797 0010459 274.4491  85.5533 14.91630145  1513
1 66650U 25274A   25341.25175382  .00002660  00000-0  27019-3 0  9997
2 66650  97.7387 268.5404 0010437 272.8798  87.1227 14.91632462  1582
1 66650U 25274A   25341.78841010  .00002686  00000-0  27268-3 0  9997
2 66650  97.7387 269.0671 0010436 270.7863  89.2159 14.91635434  1661
1 66650U 25274A   25342.25798447  .00002640  00000-0  26816-3 0  9993
2 66650  97.7387 269.5281 0010442 268.9132  91.0890 14.91637179  1737
1 66650U 25274A   25342.52631207  .00002839  00000-0  28793-3 0  9999
2 66650  97.7386 269.7914 0010443 267.8664  92.1359 14.91638940  1773
1 66650U 25274A   25342.79463939  .00002963  00000-0  30025-3 0  9992
2 66650  97.7386 270.0548 0010444 266.8251  93.1773 14.91640654  1814
1 66650U 25274A   25342.79463939  .00002963  00000-0  30025-3 0  9992
2 66650  97.7386 270.0548 0010444 266.8251  93.1773 14.91640654  1814
1 66650U 25274A   25343.26421205  .00002756  00000-0  27961-3 0  9990
2 66650  97.7386 270.5157 0010440 264.9451  95.0576 14.91642041  1883
1 66650U 25274A   25343.26421205  .00002756  00000-0  27961-3 0  9990
2 66650  97.7386 270.5157 0010440 264.9451  95.0576 14.91642041  1883
1 66650U 25274A   25343.73378375  .00002875  00000-0  29143-3 0  9997
2 66650  97.7385 270.9766 0010439 263.1107  96.8924 14.91644570  1952
1 66650U 25274A   25344.27043610  .00002819  00000-0  28583-3 0  9993
2 66650  97.7386 271.5034 0010423 260.9194  99.0845 14.91647079  2036
1 66650U 25274A   25344.33751762  .00002831  00000-0  28710-3 0  9990
2 66650  97.7386 271.5692 0010419 260.6819  99.3221 14.91647427  2041
1 66650U 25274A   25344.53876189  .00002930  00000-0  29689-3 0  9999
2 66650  97.7386 271.7668 0010426 259.8671 100.1372 14.91648697  2071
1 66650U 25274A   25344.74000617  .00002953  00000-0  29918-3 0  9997
2 66650  97.7386 271.9643 0010401 259.1230 100.8819 14.91649829  2108
1 66650U 25274A   25344.74000618  .00002953  00000-0  29918-3 0  9998
2 66650  97.7386 271.9644 0010401 259.1230 100.8819 14.91649829  2109
1 66650U 25274A   25345.27665622  .00003261  00000-0  32973-3 0  9997
2 66650  97.7386 272.4912 0010391 256.9757 103.0302 14.91653848  2186
1 66650U 25274A   25345.61206235  .00003123  00000-0  31599-3 0  9996
2 66650  97.7386 272.8204 0010387 255.6819 104.3246 14.91655105  2239
1 66650U 25274A   25345.74622457  .00003130  00000-0  31673-3 0  9999
2 66650  97.7385 272.9521 0010382 255.1858 104.8211 14.91655948  2258
1 66650U 25274A   25346.28287228  .00003219  00000-0  32557-3 0  9992
2 66650  97.7386 273.4789 0010367 253.1002 106.9080 14.91659686  2332
1 66650U 25274A   25346.75243811  .00003284  00000-0  33194-3 0  9994
2 66650  97.7386 273.9398 0010367 251.2975 108.7119 14.91662883  2405
1 66650U 25274A   25347.28908301  .00003257  00000-0  32925-3 0  9996
2 66650  97.7387 274.4666 0010364 249.2427 110.7682 14.91666733  2480
1 66650U 25274A   25347.55740573  .00002787  00000-0  28260-3 0  9995
2 66650  97.7387 274.7300 0010373 248.2383 111.7733 14.91666772  2524
1 66650U 25274A   25347.75864715  .00002732  00000-0  27707-3 0  9997
2 66650  97.7388 274.9276 0010383 247.5162 112.4958 14.91668016  2550
1 66650U 25274A   25348.22820979  .00002441  00000-0  24819-3 0  9992
2 66650  97.7389 275.3885 0010404 245.7583 114.2549 14.91670409  2626
1 66650U 25274A   25348.36237048  .00002375  00000-0  24159-3 0  9999
2 66650  97.7389 275.5202 0010408 245.2724 114.7411 14.91671044  2648
1 66650U 25274A   25349.03317377  .00001479  00000-0  15258-3 0  9992
2 66650  97.7391 276.1786 0010431 242.8102 117.2054 14.91671974  2748
1 66650U 25274A   25349.83813619  .00001133  00000-0  11818-3 0  9995
2 66650  97.7392 276.9688 0010484 239.8686 120.1495 14.91674724  2860
1 66650U 25274A   25350.30769727  .00000999  00000-0  10485-3 0  9997
2 66650  97.7394 277.4297 0010513 238.1589 121.8606 14.91676067  2933
1 66650U 25274A   25350.77725991  .00001368  00000-0  14147-3 0  9993
2 66650  97.7395 277.8907 0010570 236.5050 123.5160 14.91675800  3001